Office:
31.95480732427471
-8.542865022647586
30.02586519864024
30.268121379482714
12.204859011872678
33.09899401638455
7.700507023560675
14.01609791399475
15.155487015094469
39.84297433196957
26.599036903487917
17.87271422452037
27.074945306748184
-32.838672500512985
34.088316483860595
19.30788173111016
26.61128016411254
31.504610414684628
19.729394781147917
Lab1:
25.12819899339633
23.622162106296482
17.150934961235496
27.316303440179574
23.827538438450162
17.973215931075188
16.320122228116002
26.985610819829155
12.463942971495937
18.059939120660133
14.948241685083605
18.01296286610554
-28.18961096071724
25.902511480741595
15.1638175877047
16.14818104504077
-18.499918754300936
Class1:
144.36504695540765
-2.352769355801179
-22.407886421262496
11.36404450803929
-253.29954807199505
-9.697885970718687
-20.854003621293543
75.95856623304738
111.76778443611617
8.798572822795556
0.9850030533889687
